 &vrc_nl
 NLINES = 1837,897,
 NELEMS = 3661,1201,
 RESX = 2124.34550,5075.5000,
 RESY = 1995.80800,5075.5000,
 RADLA1 = 52.99998,16.2810,
 RADLO1 = -130.0000,-126.1378,
 RADLA2 = 19.997717, 0.0,
 RADLO2 = -60.007589,0.0,
 RADLAT = 25.0000,25.0000,
 RADLON = -95.0000,-95.0000,
 RADLATIN = 25.0000,25.0000,
 /
