 &vrc_nl
 nlines=1837,897,
 nelems=3661,1201,
 resx=2124.34550,5075.5000,
 resy=1995.80800,5075.5000,
 radla1=52.99998,16.2810,
 radlo1=-130.0000,-126.1378,
 radla2 = 19.997717, 0.0,
 radlo2 = -60.007589,0.0,
 radlat=25.0000,25.0000,
 radlon=-95.0000,-95.0000,
 radlatin=25.0000,25.0000,
 /
